-2.653140783309936523e+00
-1.489682078361511230e+00
-1.831950426101684570e+00
-1.437150478363037109e+00
-2.156203985214233398e+00
-2.805918455123901367e+00
-1.183134913444519043e+00
-3.245728611946105957e-01
-1.466365575790405273e+00
-2.513002872467041016e+00
-1.210642337799072266e+00
-1.035837903618812561e-01
-3.069427311420440674e-01
-4.610893130302429199e-01
-2.100716233253479004e-01
-1.265547394752502441e+00
-1.043097257614135742e+00
-1.540402173995971680e+00
-1.936377286911010742e+00
-2.033715009689331055e+00
-1.669376850128173828e+00
-1.491819500923156738e+00
-2.111615896224975586e+00
-8.068771362304687500e-01
-1.197455763816833496e+00
-5.452288389205932617e-01
-1.632609486579895020e+00
-1.240569591522216797e+00
-1.401568889617919922e+00
-1.810692429542541504e+00
-1.895771026611328125e+00
-1.279690980911254883e+00
-2.649529218673706055e+00
-2.653055191040039062e+00
-2.186516284942626953e+00
-3.082615137100219727e-01
-1.099953532218933105e+00
-1.026622772216796875e+00
-2.542397499084472656e+00
-1.981267809867858887e+00
-3.152286708354949951e-01
-1.385255932807922363e+00
-1.918247818946838379e+00
-5.680732131004333496e-01
-7.127352356910705566e-01
-7.577193975448608398e-01
-1.194242000579833984e+00
-1.795757532119750977e+00
-2.156822443008422852e+00
-2.654663324356079102e+00
-2.361260652542114258e+00
-2.351534128189086914e+00
-1.653355360031127930e+00
-2.266802787780761719e+00
-9.575122594833374023e-01
-7.259610891342163086e-01
-9.869801998138427734e-01
-7.444392889738082886e-02
-2.135293960571289062e+00
-4.502027630805969238e-01
-2.987169921398162842e-01
2.178582698106765747e-01
-2.499608755111694336e+00
-1.797545552253723145e+00
-1.655796766281127930e+00
-2.058954477310180664e+00
-1.084402918815612793e+00
-1.312014907598495483e-01
-1.130381584167480469e+00
-1.440526485443115234e+00
2.111899405717849731e-01
-1.351449251174926758e+00
-2.442370414733886719e+00
-1.052954792976379395e+00
1.059232234954833984e+00
-2.687175273895263672e+00
-1.180003523826599121e+00
3.978911042213439941e-01
-1.606766939163208008e+00
-1.580018520355224609e+00
-1.539903998374938965e+00
-1.463410854339599609e+00
-1.327476501464843750e+00
-1.875820279121398926e+00
-1.597211241722106934e+00
-1.019244313240051270e+00
-1.647217869758605957e+00
-1.898572087287902832e+00
-2.079301357269287109e+00
-1.799603104591369629e-01
1.042775273323059082e+00
-2.168601274490356445e+00
-4.895458519458770752e-01
-9.721689224243164062e-01
-9.255493879318237305e-01
-1.126605272293090820e+00
-6.431569159030914307e-02
-1.234902739524841309e+00
-2.112907886505126953e+00
-1.412867903709411621e+00
-1.221591591835021973e+00
-6.638672351837158203e-01
-2.037046909332275391e+00
-2.425322532653808594e+00
-7.418669462203979492e-01
-3.634842038154602051e-01
1.728208363056182861e-02
-1.231417059898376465e+00
-1.000060319900512695e+00
-1.770128011703491211e+00
6.636498868465423584e-02
-1.798640370368957520e+00
-2.300028324127197266e+00
-5.309770107269287109e-01
-1.296292901039123535e+00
-8.654341697692871094e-01
-1.829794168472290039e+00
-1.002383112907409668e+00
-5.851059556007385254e-01
-1.805442810058593750e+00
-5.577867627143859863e-01
-2.208455324172973633e+00
-1.206868410110473633e+00
-2.047041893005371094e+00
-2.787503480911254883e+00
-2.698542118072509766e+00
-6.216247677803039551e-01
-1.023300766944885254e+00
-2.662992000579833984e+00
-1.572470426559448242e+00
-1.268362641334533691e+00
-7.258136868476867676e-01
-3.345963656902313232e-01
-1.383791923522949219e+00
-1.313728094100952148e+00
4.379607737064361572e-01
-2.317261219024658203e+00
-6.398112177848815918e-01
-2.227563858032226562e+00
1.479872614145278931e-01
-6.610588431358337402e-01
-1.014369726181030273e+00
6.889270991086959839e-02
-2.799579143524169922e+00
1.875105798244476318e-01
-1.474481225013732910e+00
-9.334772825241088867e-02
-3.193479061126708984e+00
-1.414078660309314728e-02
-1.459922909736633301e+00
-7.196364998817443848e-01
-6.449697017669677734e-01
-3.097772359848022461e+00
-2.257637977600097656e+00
-1.344471693038940430e+00
-1.559055089950561523e+00
3.599157631397247314e-01
-9.496125578880310059e-01
-1.866629958152770996e+00
-2.433408498764038086e+00
-4.641805887222290039e-01
-1.026927828788757324e+00
-2.649758338928222656e+00
-1.727118253707885742e+00
-1.457275152206420898e+00
-1.868118166923522949e+00
-6.673717498779296875e-01
-1.224653720855712891e+00
-1.159594655036926270e+00
-1.407000422477722168e+00
-6.507491469383239746e-01
-1.658059477806091309e+00
-1.878712177276611328e+00
-1.781598329544067383e+00
-2.268038988113403320e+00
-2.978985309600830078e+00
-1.603742837905883789e-01
-9.657875299453735352e-01
-1.487399339675903320e+00
-3.340707346796989441e-02
-1.443215370178222656e+00
-1.663365364074707031e+00
3.230955004692077637e-01
-7.667290568351745605e-01
-1.216978669166564941e+00
-1.428483486175537109e+00
-1.000556230545043945e+00
-2.430541515350341797e+00
4.700000882148742676e-01
-1.768991351127624512e-01
-1.706995129585266113e+00
2.068761885166168213e-01
-2.983044981956481934e-01
-2.379189014434814453e+00
-2.477285861968994141e+00
-6.300649046897888184e-01
-2.055560827255249023e+00
-1.296827435493469238e+00
-5.279206857085227966e-02
-2.210151195526123047e+00
-2.336126327514648438e+00
-8.363507986068725586e-01
-1.220249176025390625e+00
-1.453698515892028809e+00
1.261869668960571289e+00
-2.009261846542358398e+00
5.221767425537109375e-01
-1.819424986839294434e+00
-7.010265588760375977e-01
-2.747801542282104492e-01
-1.640701174736022949e+00
-2.012522459030151367e+00
-2.220213651657104492e+00
-1.575088024139404297e+00
-9.973784685134887695e-01
-5.495582222938537598e-01
-3.961425423622131348e-01
-1.604960560798645020e+00
-4.581548571586608887e-01
-1.600711345672607422e+00
-2.288515090942382812e+00
7.648829817771911621e-01
-4.096474349498748779e-01
-9.672700166702270508e-01
-4.369422197341918945e-01
-1.601356983184814453e+00
-8.106060624122619629e-01
-2.798439025878906250e+00
-4.779182970523834229e-01
2.937348186969757080e-01
-2.691221475601196289e+00
-5.341954827308654785e-01
-1.053710103034973145e+00
-3.022080421447753906e+00
-2.980676174163818359e+00
-1.636210680007934570e-01
-1.012554883956909180e+00
-7.291048765182495117e-01
-1.913085579872131348e+00
-1.947113394737243652e+00
-1.521989583969116211e+00
-9.848783016204833984e-01
-4.698139429092407227e-01
-2.416449069976806641e+00
-6.693300604820251465e-01
5.516008138656616211e-01
-5.074942484498023987e-02
2.795528471469879150e-01
-2.016364574432373047e+00
2.502349615097045898e-01
-2.175568342208862305e+00
-1.357423305511474609e+00
-1.237978935241699219e+00
-2.157222986221313477e+00
-1.869072318077087402e+00
1.558968275785446167e-01
