-1.245889067649841309e+00
-1.463978290557861328e+00
-8.656074851751327515e-02
-1.625007271766662598e+00
-4.552704691886901855e-01
-4.656150639057159424e-01
-1.211536526679992676e+00
-1.336330533027648926e+00
-7.861820459365844727e-01
-9.778099656105041504e-01
3.625559806823730469e-01
-6.234252452850341797e-01
-1.233172416687011719e-01
-1.055039286613464355e+00
-1.236321926116943359e+00
-2.140239030122756958e-01
-1.472445249557495117e+00
-1.096519351005554199e+00
-1.343523859977722168e-01
-4.215691983699798584e-01
-5.073482990264892578e-01
-4.337812960147857666e-01
-8.299567699432373047e-01
-6.024524569511413574e-01
-2.043460845947265625e+00
-3.024026155471801758e-01
-8.449627161026000977e-01
-8.332034945487976074e-01
-1.229292869567871094e+00
-7.498000562191009521e-02
-1.947779767215251923e-02
2.478625029325485229e-01
-6.152571439743041992e-01
-2.582731842994689941e-01
-2.469798088073730469e+00
-1.338584542274475098e+00
-9.456368535757064819e-02
-1.366322398185729980e+00
-5.195268988609313965e-01
-8.323612809181213379e-01
-1.067794784903526306e-01
5.784066915512084961e-01
-1.409812420606613159e-01
-8.833722472190856934e-01
-8.468431830406188965e-01
-7.752384245395660400e-02
-8.827684819698333740e-02
-9.041153639554977417e-02
-2.716183848679065704e-02
8.742524981498718262e-01
-1.400555819272994995e-01
-7.535198330879211426e-02
-1.578820824623107910e+00
-1.303773760795593262e+00
-1.286762803792953491e-01
-9.700503945350646973e-02
-1.632290631532669067e-01
-4.045597076416015625e+00
-9.353449195623397827e-02
-2.684675931930541992e+00
-1.936092227697372437e-01
-1.997240066528320312e+00
-1.704611539840698242e+00
7.224793434143066406e-01
-1.221182644367218018e-01
-1.274491995573043823e-01
-4.168971478939056396e-01
-2.061208486557006836e+00
-1.097015663981437683e-01
-7.813000679016113281e-01
-2.386987924575805664e+00
-1.299699097871780396e-01
-1.119291186332702637e+00
-7.443168759346008301e-01
-6.912102699279785156e-01
-9.496538341045379639e-02
-9.883123040199279785e-01
-2.702263832092285156e+00
-1.357800662517547607e-01
-1.251360774040222168e+00
-1.192185401916503906e+00
-1.621981263160705566e-01
-1.051136851310729980e-01
-1.448192447423934937e-01
-1.988813877105712891e-01
-1.694385170936584473e+00
-1.056210398674011230e-01
-1.599751472473144531e+00
-1.395028233528137207e-01
-9.829483032226562500e-01
-7.176817208528518677e-02
7.217667102813720703e-01
-1.046572849154472351e-01
-1.550070405006408691e+00
-1.390351951122283936e-01
-1.073518246412277222e-01
-7.196442484855651855e-01
-9.562087059020996094e-02
-1.100753188133239746e+00
-2.750382661819458008e+00
-1.572279214859008789e+00
-9.026817232370376587e-02
-1.750409454107284546e-01
-4.891425371170043945e-01
-2.441580444574356079e-01
-9.720699489116668701e-02
-8.495463132858276367e-01
-2.726744115352630615e-01
-5.207948088645935059e-01
-5.044808387756347656e-01
-9.796780347824096680e-01
-2.320091724395751953e-01
-5.138410925865173340e-01
-3.646985162049531937e-03
9.514882564544677734e-01
-2.960736677050590515e-02
-1.110976219177246094e+00
-8.488478511571884155e-02
-7.057729959487915039e-01
-1.589688360691070557e-01
-8.798097260296344757e-03
-1.434198915958404541e-01
-1.050802230834960938e+00
-1.553685516119003296e-01
-1.047860860824584961e+00
-9.221668839454650879e-01
-1.767371892929077148e+00
-1.303502619266510010e-01
-8.093024790287017822e-02
-1.195232272148132324e+00
-8.294518589973449707e-01
-4.965562224388122559e-01
6.785299181938171387e-01
-1.262288451194763184e+00
-6.917473673820495605e-02
-1.191447749733924866e-01
-1.114397764205932617e+00
-1.730970889329910278e-01
-9.225304722785949707e-01
1.127536535263061523e+00
-9.849920868873596191e-01
-2.332769632339477539e+00
-7.207519412040710449e-01
4.075177907943725586e-01
-1.652847677469253540e-01
-2.573767602443695068e-01
8.364822864532470703e-01
-1.410635858774185181e-01
-1.126482009887695312e+00
-4.295940995216369629e-01
-3.593728542327880859e-01
-1.444943547248840332e-01
8.694934248924255371e-01
-1.468963772058486938e-01
-1.092859879136085510e-01
-1.092551350593566895e+00
-5.656983256340026855e-01
-1.484029173851013184e+00
-2.094548381865024567e-02
-1.689309716224670410e+00
-1.934740662574768066e+00
-1.457303911447525024e-01
-2.000792264938354492e+00
-1.074506282806396484e+00
-5.726801156997680664e-01
-1.462983608245849609e+00
-1.323912292718887329e-01
-2.693684399127960205e-01
-1.116773635149002075e-01
-7.936720550060272217e-02
3.810983151197433472e-02
-1.625390172004699707e+00
-1.295197844505310059e+00
-8.078587055206298828e-01
-4.459680020809173584e-01
-8.602987974882125854e-02
-6.571916937828063965e-01
-3.052941262722015381e-01
-1.242672085762023926e+00
-1.649700999259948730e-01
-8.877617716789245605e-01
-2.254637032747268677e-01
-1.373923867940902710e-01
-1.299233913421630859e+00
-1.104109585285186768e-01
-6.896363496780395508e-01
3.984478116035461426e-01
-5.922403931617736816e-01
-9.778330922126770020e-01
-3.910017013549804688e-01
-6.808341145515441895e-01
-1.387943178415298462e-01
-2.090023040771484375e+00
4.423005580902099609e-01
-1.556948423385620117e+00
-2.249530076980590820e+00
2.670428752899169922e-01
-9.032748341560363770e-01
-6.142240762710571289e-01
-1.070212796330451965e-01
-1.822373986244201660e+00
-1.296530067920684814e-01
-9.219191223382949829e-02
-4.096993207931518555e-01
-1.014645218849182129e+00
-1.855935692787170410e+00
-5.087150931358337402e-01
-3.044596314430236816e-01
-5.052009820938110352e-01
-7.646923065185546875e-01
-9.715515375137329102e-01
-7.196065783500671387e-01
-1.257669210433959961e+00
-7.927372306585311890e-02
-3.891138732433319092e-01
1.631897874176502228e-02
-1.541380047798156738e+00
-1.927099227905273438e-01
-1.273697137832641602e+00
-4.156904697418212891e+00
-8.493736982345581055e-01
2.544163763523101807e-01
-1.976132154464721680e+00
-3.422215878963470459e-01
-5.274966955184936523e-01
-1.912378907203674316e+00
-1.258861660957336426e+00
-4.490948617458343506e-01
-6.446295380592346191e-01
-8.217507004737854004e-01
2.412562631070613861e-02
-1.015748262405395508e+00
-9.398455023765563965e-01
-5.055332183837890625e-01
-1.434334516525268555e-01
-3.303854167461395264e-01
-7.349129319190979004e-01
-8.920781612396240234e-01
-6.920284628868103027e-01
-1.378277391195297241e-01
-1.060178637504577637e+00
-1.796359717845916748e-01
-1.491319537162780762e+00
-4.621636867523193359e-01
-1.574284076690673828e+00
-2.812295258045196533e-01
-1.283238232135772705e-01
-1.319088973104953766e-02
-1.335632950067520142e-01
-3.003419339656829834e-01
1.743908226490020752e-01
-8.619811385869979858e-02
-1.671875476837158203e+00
6.932615041732788086e-01
1.605460420250892639e-02
-1.225098967552185059e+00
