4.409393370151519775e-01 -1.267562210559844971e-01 -2.233275771141052246e-01 1.366243064403533936e-01 3.417106270790100098e-01 8.249500393867492676e-01
-1.370827406644821167e-01 -5.006114840507507324e-01 -1.350459754467010498e-01 -1.056542173027992249e-01 -1.397507488727569580e-01 -1.303289085626602173e-01
-2.462674118578433990e-02 -1.466631442308425903e-01 -8.615536987781524658e-02 2.507560141384601593e-02 3.283653035759925842e-02 4.520289227366447449e-02
-1.165197342634201050e-01 -1.910006552934646606e-01 -2.492819130420684814e-01 1.516421698033809662e-02 2.107675001025199890e-02 -1.968845725059509277e-01
-2.207689434289932251e-01 -1.412819474935531616e-01 1.461380869150161743e-01 2.562986314296722412e-01 2.240679599344730377e-02 1.236280053853988647e-01
1.310207974165678024e-02 -2.986564934253692627e-01 9.969926625490188599e-02 7.119752466678619385e-02 -2.480494603514671326e-02 -2.036747783422470093e-01
-1.784839183092117310e-01 -2.160727679729461670e-01 3.370110988616943359e-01 9.467592090368270874e-02 6.942698359489440918e-01 3.022766113281250000e-01
3.616009280085563660e-02 6.008477881550788879e-02 -3.149411380290985107e-01 9.009202569723129272e-02 1.473651677370071411e-01 -3.846775889396667480e-01
-1.069778501987457275e-01 -1.525948792695999146e-01 -1.023962944746017456e-01 7.014580070972442627e-02 -2.154801040887832642e-01 9.501085281372070312e-01
3.727890849113464355e-01 3.644915763288736343e-03 -2.501376271247863770e-01 -5.874688178300857544e-02 -1.411365810781717300e-02 -1.536509245634078979e-01
-9.788640588521957397e-02 -8.802895992994308472e-02 -7.694826927036046982e-04 1.547532826662063599e-01 8.616743236780166626e-02 -1.152327358722686768e-01
-3.005530536174774170e-01 -5.800659060478210449e-01 -1.391690373420715332e-01 2.203804403543472290e-01 2.625081539154052734e-01 1.167653948068618774e-01
2.162154950201511383e-02 2.117615044116973877e-01 3.580902516841888428e-02 4.899631440639495850e-02 -4.783033579587936401e-02 9.766635484993457794e-03
-8.066069334745407104e-02 -6.649102270603179932e-02 -1.604912281036376953e-01 -2.724068760871887207e-01 1.006186977028846741e-01 -6.739171743392944336e-01
1.703593134880065918e-01 -5.056044831871986389e-02 -2.777805030345916748e-01 -2.056810259819030762e-01 -2.725564315915107727e-02 -2.518151402473449707e-01
7.190017402172088623e-02 -8.976164460182189941e-02 -1.410809755325317383e-01 6.130582466721534729e-02 1.768658757209777832e-01 2.971853828057646751e-03
-2.106143385171890259e-01 2.336395531892776489e-01 6.362246721982955933e-02 9.387067402713000774e-04 -1.689201295375823975e-01 1.683381646871566772e-01
-1.631871759891510010e-01 -7.257486693561077118e-03 -8.207997083663940430e-01 3.900899887084960938e-01 -1.879375576972961426e-01 -2.491542994976043701e-01
-1.518433690071105957e-01 1.249772906303405762e-01 -1.078271493315696716e-02 -1.654469966888427734e-01 3.670725226402282715e-02 4.153400287032127380e-02
5.558672174811363220e-02 -1.296580731868743896e-01 8.918725699186325073e-02 -1.146014109253883362e-01 1.514329463243484497e-01 -1.104105338454246521e-01
4.525532573461532593e-02 -2.244458645582199097e-01 -8.841233849525451660e-01 5.615808814764022827e-02 3.423044085502624512e-01 -1.318523764610290527e+00
4.978212714195251465e-01 -5.048408508300781250e-01 4.106528460979461670e-01 7.035133987665176392e-02 4.743164777755737305e-01 -2.060963660478591919e-01
8.183197677135467529e-02 -1.770924627780914307e-01 5.323994755744934082e-01 1.020321995019912720e-01 -1.486207246780395508e-01 1.054016724228858948e-01
3.495482206344604492e-01 3.225499391555786133e-02 -9.633895009756088257e-03 4.595435410737991333e-02 1.992386877536773682e-01 6.058431267738342285e-01
3.040682375431060791e-01 3.483240008354187012e-01 2.845707535743713379e-01 2.220475822687149048e-01 3.956090509891510010e-01 2.070090174674987793e-01
-1.544807106256484985e-01 -1.442651897668838501e-01 -5.581871792674064636e-02 -5.006409063935279846e-02 6.789917498826980591e-02 1.452082544565200806e-01
1.511174738407135010e-01 -4.065303802490234375e-01 -2.121873944997787476e-01 3.299616277217864990e-01 9.792350977659225464e-02 -1.425554454326629639e-01
1.214112043380737305e+00 -6.114582344889640808e-02 5.071343779563903809e-01 -7.308480739593505859e-01 1.951446682214736938e-01 8.425546884536743164e-01
-2.582598477602005005e-02 -7.516048550605773926e-01 -3.781124055385589600e-01 -1.148696541786193848e-01 -4.833614528179168701e-01 2.707590162754058838e-01
4.592212140560150146e-01 1.640184372663497925e-01 -4.021254777908325195e-01 -6.145302653312683105e-01 -3.236795589327812195e-02 -3.243276476860046387e-01
-1.859365850687026978e-01 -2.145078778266906738e-01 1.626603677868843079e-02 8.033394068479537964e-02 -1.445023268461227417e-01 7.630327343940734863e-02
-2.922303378582000732e-01 -2.301104180514812469e-02 -1.297423848882317543e-03 -5.170291289687156677e-02 1.041309088468551636e-01 2.413929998874664307e-01
5.864833947271108627e-03 7.180710881948471069e-02 2.135837674140930176e-01 -4.810084402561187744e-02 -1.486734896898269653e-01 -1.449364572763442993e-01
-4.293116554617881775e-02 3.887857496738433838e-01 -1.190894618630409241e-01 1.259152144193649292e-01 2.831544876098632812e-01 -2.826063930988311768e-01
-1.405728757381439209e-01 -2.371336966753005981e-01 2.987196743488311768e-01 -3.194810152053833008e-01 -4.754081368446350098e-01 2.832932472229003906e-01
1.087697129696607590e-02 -4.006054401397705078e-01 -9.917842596769332886e-02 1.882095187902450562e-01 -2.096193134784698486e-01 -2.323949784040451050e-01
-3.261327743530273438e-02 1.238777041435241699e-01 -7.053232751786708832e-03 7.812509685754776001e-02 -6.930226087570190430e-02 -1.729488074779510498e-01
5.509206652641296387e-02 -2.320585586130619049e-02 4.202351272106170654e-01 7.464449107646942139e-02 1.849890649318695068e-01 -1.580865830183029175e-01
2.889150381088256836e-01 -2.233029752969741821e-01 -4.600957334041595459e-01 -5.779847502708435059e-01 4.898746684193611145e-02 6.479068994522094727e-01
2.783072292804718018e-01 4.127328395843505859e-01 -8.771169781684875488e-01 -1.234198212623596191e-01 5.792790651321411133e-01 -1.221346378326416016e+00
5.224029719829559326e-02 -1.095225065946578979e-01 -1.061993464827537537e-01 1.536677032709121704e-01 -4.316393285989761353e-02 3.343180567026138306e-02
-2.565129995346069336e-01 4.218670129776000977e-01 3.840199206024408340e-03 1.340463757514953613e-01 5.216630920767784119e-02 9.319135546684265137e-02
-1.041968315839767456e-01 -2.905182242393493652e-01 5.895709618926048279e-02 3.828607033938169479e-03 9.737642109394073486e-02 -2.075231224298477173e-01
-1.338798403739929199e-01 2.210823595523834229e-01 -9.035515040159225464e-02 -1.130526512861251831e-01 8.235670626163482666e-02 3.113093413412570953e-02
-3.264203369617462158e-01 2.775474190711975098e-01 4.659106954932212830e-02 -5.010978579521179199e-01 -3.544959425926208496e-01 -4.325961172580718994e-01
6.925956159830093384e-02 5.653734877705574036e-02 -1.493265032768249512e-01 1.032270267605781555e-01 9.758408367633819580e-02 6.144661828875541687e-02
1.299311686307191849e-02 -9.588027745485305786e-02 -9.668534994125366211e-02 3.180954977869987488e-02 1.959891989827156067e-02 -9.053763747215270996e-02
-5.092769116163253784e-02 -4.470728337764739990e-02 -1.981793344020843506e-01 4.857045039534568787e-02 4.022861644625663757e-02 -4.194489121437072754e-02
-9.189903736114501953e-03 -2.790023684501647949e-01 -1.921941041946411133e-01 -2.097168862819671631e-01 -1.526800841093063354e-01 -1.308120191097259521e-01
-2.518116831779479980e-01 4.889855626970529556e-03 -1.978280395269393921e-01 2.051336914300918579e-01 -1.556167900562286377e-01 -7.441421598196029663e-02
-3.121314942836761475e-01 7.152972370386123657e-02 -1.722332239151000977e-01 2.086574584245681763e-01 1.957941055297851562e-01 -1.833123713731765747e-02
1.615290492773056030e-01 -1.206735987216234207e-02 1.414788812398910522e-01 4.831653833389282227e-02 8.190467022359371185e-03 -3.248569741845130920e-02
1.282590389251708984e+00 4.549975693225860596e-01 4.870750010013580322e-02 1.251216381788253784e-01 6.031033396720886230e-01 -1.590330362319946289e+00
-2.151963412761688232e-01 -1.989817470312118530e-01 1.794388890266418457e-01 -1.880534887313842773e-01 -1.839373111724853516e-01 -3.274071812629699707e-01
-7.705331593751907349e-02 -1.874870434403419495e-02 -8.310122787952423096e-02 -6.201925501227378845e-02 -6.395261734724044800e-02 -1.865393109619617462e-02
8.623848855495452881e-02 1.010368168354034424e-01 9.316850453615188599e-03 1.203394085168838501e-01 -5.785480141639709473e-02 1.781132770702242851e-03
8.376430720090866089e-02 1.457585953176021576e-02 -2.137090116739273071e-01 1.089947000145912170e-01 1.762898415327072144e-01 -1.141219362616539001e-01
-3.359969854354858398e-01 -1.391830444335937500e-01 -2.164482176303863525e-01 5.805085226893424988e-02 -1.229964271187782288e-01 2.184779755771160126e-02
1.340790241956710815e-01 1.379244923591613770e-01 3.967095613479614258e-01 1.442134678363800049e-01 3.102215006947517395e-02 5.063508450984954834e-02
1.685415208339691162e-01 -4.910850524902343750e-01 -2.191731929779052734e-01 2.593333125114440918e-01 -2.208570539951324463e-01 -7.150133699178695679e-02
1.224289983510971069e-01 -8.107104152441024780e-02 -5.232579633593559265e-02 1.458224058151245117e-01 2.117983847856521606e-01 -2.302308678627014160e-01
-2.223050296306610107e-01 -3.272953629493713379e-01 -3.237599134445190430e-01 1.698005944490432739e-02 2.615457177162170410e-01 -2.925773859024047852e-01
-2.167127728462219238e-01 -1.539198458194732666e-01 4.383040964603424072e-02 8.090310543775558472e-02 -7.906865328550338745e-02 -3.322615921497344971e-01
-1.664169430732727051e-01 9.687191992998123169e-02 1.232528686523437500e-01 -1.982322037220001221e-01 9.692246466875076294e-02 -1.312901973724365234e-01
6.512093544006347656e-02 -3.464156389236450195e-01 -5.504993796348571777e-01 -4.229892790317535400e-02 1.676396653056144714e-02 1.103169545531272888e-01
-1.061678514815866947e-03 1.125216018408536911e-02 -2.874915115535259247e-02 4.609222337603569031e-02 3.651153668761253357e-02 7.367666810750961304e-02
4.281572401523590088e-01 8.823935687541961670e-02 -6.663371324539184570e-01 -1.000256985425949097e-01 -2.916304469108581543e-01 -3.843382000923156738e-01
-4.988425672054290771e-01 1.224675476551055908e-01 -1.966214179992675781e-01 -6.332244724035263062e-02 -2.443325668573379517e-01 1.035189256072044373e-01
-3.805806115269660950e-02 -1.827375739812850952e-01 -1.052671968936920166e-01 2.719573490321636200e-02 -1.361946463584899902e-01 1.035443395376205444e-01
7.373570203781127930e-01 -1.190357506275177002e-01 7.858281582593917847e-02 -5.447915792465209961e-01 -1.681130751967430115e-02 1.077226474881172180e-01
-2.591148316860198975e-01 2.516512870788574219e-01 -8.945990353822708130e-02 -1.908829808235168457e-01 -3.093982934951782227e-01 -2.717917263507843018e-01
6.373043358325958252e-02 1.283700019121170044e-02 -1.735552772879600525e-02 1.937593221664428711e-01 -5.553772300481796265e-02 7.068435847759246826e-02
5.474012345075607300e-02 -2.063727676868438721e-01 1.502143442630767822e-01 -4.011331871151924133e-02 -2.134906202554702759e-01 3.814803436398506165e-02
9.844530373811721802e-03 1.814019866287708282e-02 -2.172145694494247437e-01 1.564204692840576172e-01 9.593793004751205444e-02 2.729510366916656494e-01
4.376202523708343506e-01 -8.373775482177734375e-01 1.858988106250762939e-01 -1.027339935302734375e+00 3.665844500064849854e-01 1.368280410766601562e+00
-5.685752630233764648e-02 3.787056729197502136e-02 -5.640489235520362854e-02 -6.612286902964115143e-03 3.456228971481323242e-02 6.534145027399063110e-02
1.538439244031906128e-01 -2.544245421886444092e-01 -3.503717184066772461e-01 2.810028195381164551e-01 1.422167122364044189e-01 -1.322898715734481812e-01
-1.349384635686874390e-01 2.354987431317567825e-03 7.774218171834945679e-02 1.254361867904663086e-01 1.218807250261306763e-01 -1.935118138790130615e-01
1.393552590161561966e-02 -8.527975529432296753e-02 -6.830727308988571167e-02 -1.247861236333847046e-01 -1.684669114183634520e-04 -5.493494123220443726e-02
2.194608449935913086e-01 8.073586225509643555e-02 -5.292294621467590332e-01 -1.475805342197418213e-01 6.329888105392456055e-02 -4.071100652217864990e-01
1.630308926105499268e-01 1.777027733623981476e-02 2.345986664295196533e-01 -4.673356935381889343e-02 1.311816722154617310e-01 8.897346258163452148e-02
-4.145476520061492920e-01 1.150966435670852661e-01 3.186683654785156250e-01 1.293203234672546387e-01 -6.370053291320800781e-01 6.053207516670227051e-01
-7.602318376302719116e-02 1.068927198648452759e-01 7.232721149921417236e-02 -7.684126496315002441e-02 -6.154717132449150085e-02 -3.244331851601600647e-02
1.537699401378631592e-01 -7.367486506700515747e-02 -7.177460938692092896e-02 -3.395958617329597473e-02 -1.140352115035057068e-01 -4.889843612909317017e-02
-4.620207548141479492e-01 -9.410738199949264526e-02 1.839539110660552979e-01 -2.767244279384613037e-01 2.939928770065307617e-01 4.974292218685150146e-01
-3.512027561664581299e-01 1.634026691317558289e-02 2.682588398456573486e-01 3.265469670295715332e-01 2.186610698699951172e-01 8.081292510032653809e-01
-2.169407755136489868e-01 1.622013300657272339e-01 -2.202883213758468628e-01 4.422948956489562988e-01 6.650584191083908081e-02 3.677588701248168945e-01
-4.803595244884490967e-01 -4.379463195800781250e-01 -1.480115205049514771e-01 3.029633462429046631e-01 -2.745155096054077148e-01 -3.145759701728820801e-01
1.948323100805282593e-01 -2.483289502561092377e-02 1.003773533739149570e-03 -1.464262306690216064e-01 1.078238487243652344e-01 -1.868138611316680908e-01
2.297138124704360962e-01 2.097861915826797485e-01 -1.116932630538940430e-01 -7.322341948747634888e-02 7.348980009555816650e-02 -3.132985904812812805e-02
2.389991432428359985e-01 -7.305599004030227661e-02 -1.640194468200206757e-02 -2.370650917291641235e-01 8.808322250843048096e-02 1.706330776214599609e-01
2.261197865009307861e-01 5.997698381543159485e-02 1.379387676715850830e-01 5.734227597713470459e-02 1.592923253774642944e-01 3.190398216247558594e-01
-1.160178408026695251e-01 1.589578539133071899e-01 -1.174639072269201279e-02 -1.523337960243225098e-01 -4.762071371078491211e-02 -1.232889294624328613e-01
3.362421989440917969e-01 -2.692262083292007446e-02 -3.774473071098327637e-01 -1.224691700190305710e-02 -7.489534467458724976e-02 -1.900685578584671021e-01
8.748625963926315308e-02 1.029582172632217407e-01 4.737616702914237976e-02 -1.742722839117050171e-02 7.375945895910263062e-02 -8.731041103601455688e-02
8.991838991641998291e-02 1.129348501563072205e-01 1.247809082269668579e-01 1.205869391560554504e-01 9.892043471336364746e-02 1.771800220012664795e-01
2.398171573877334595e-01 3.527186512947082520e-01 -5.308309197425842285e-01 -6.216471642255783081e-02 2.266118302941322327e-03 1.784733235836029053e-01
1.582816094160079956e-01 -2.004638686776161194e-02 -3.275407850742340088e-02 -1.209931671619415283e-01 -2.035721391439437866e-02 -2.659772522747516632e-02
-6.054457742720842361e-03 -2.586947381496429443e-01 2.380806952714920044e-01 -7.346630841493606567e-02 1.143683791160583496e-01 2.344080656766891479e-01
1.977926194667816162e-01 8.011849597096443176e-03 -9.653593301773071289e-01 -1.282991021871566772e-01 2.752540409564971924e-01 -5.550889968872070312e-01
-5.488721728324890137e-01 -2.268805503845214844e-01 2.337525337934494019e-01 -9.959814548492431641e-01 9.697234034538269043e-01 1.783615201711654663e-01
3.389497697353363037e-01 -1.603537611663341522e-02 1.254076510667800903e-01 3.656703513115644455e-03 2.204468660056591034e-02 -4.901924356818199158e-02
-2.136856764554977417e-01 -4.006946086883544922e-02 1.151131391525268555e-01 -3.754000365734100342e-02 2.542991638183593750e-01 -1.064314320683479309e-01
1.363246291875839233e-01 -1.125156357884407043e-01 -2.383812516927719116e-01 -1.849575787782669067e-01 -2.853175401687622070e-01 6.209514662623405457e-02
3.532849550247192383e-01 -4.354608245193958282e-03 -1.423863619565963745e-01 2.579894848167896271e-03 -1.919730603694915771e-01 -6.557516753673553467e-02
1.336578745394945145e-02 1.425401866436004639e-01 1.793246902525424957e-02 4.907189309597015381e-02 3.451700881123542786e-02 -1.700063645839691162e-01
5.340143979992717505e-05 1.478965133428573608e-01 -3.667100071907043457e-01 6.698467135429382324e-01 6.289719790220260620e-02 -2.202075570821762085e-01
2.766810059547424316e-01 -3.333406150341033936e-01 6.488072872161865234e-02 -1.101818401366472244e-03 -6.784915924072265625e-02 -1.692760288715362549e-01
-3.379965424537658691e-01 3.332692757248878479e-02 1.270612422376871109e-02 -5.137395262718200684e-01 8.150460720062255859e-01 7.894961237907409668e-01
-1.440907120704650879e-01 -3.205629065632820129e-02 -3.323271572589874268e-01 1.079996675252914429e-02 1.908628828823566437e-02 -4.981419444084167480e-02
1.379949599504470825e-01 -3.779689967632293701e-01 9.604314714670181274e-02 -2.524892985820770264e-01 -3.680758550763130188e-02 -3.715412318706512451e-02
1.022988110780715942e-01 7.267311960458755493e-02 2.072302550077438354e-01 -1.319144070148468018e-01 -3.030882216989994049e-02 -2.268130332231521606e-02
6.073395609855651855e-01 -2.731618583202362061e-01 -2.012251615524291992e-01 -1.674643754959106445e-01 3.719958066940307617e-01 -4.499773085117340088e-01
2.593064010143280029e-01 2.659508585929870605e-01 -3.832321166992187500e-01 -6.148412078619003296e-02 -2.257208339869976044e-02 1.540078669786453247e-01
2.987435460090637207e-02 6.379474699497222900e-02 -2.110446840524673462e-01 1.805281639099121094e-02 -6.689114123582839966e-02 -2.604656815528869629e-01
1.094392240047454834e-01 -8.266860246658325195e-02 -3.274189531803131104e-01 -1.514699310064315796e-01 -1.492635011672973633e-01 1.549298763275146484e-01
5.269593596458435059e-01 1.089069098234176636e-01 1.927427500486373901e-01 -1.988512724637985229e-01 -3.180881142616271973e-01 -2.235367596149444580e-01
6.148062273859977722e-02 -1.065987721085548401e-01 -1.413983851671218872e-01 -9.416593238711357117e-03 5.855564773082733154e-02 -1.170668676495552063e-01
-8.639598265290260315e-03 -2.122649401426315308e-01 -3.312544226646423340e-01 -1.438183709979057312e-02 -1.989442259073257446e-01 -2.478479444980621338e-01
-3.370564058423042297e-02 7.729337550699710846e-03 4.971460625529289246e-02 -4.063044115900993347e-02 3.166832774877548218e-02 -1.423345953226089478e-01
2.297947406768798828e-01 -2.512350678443908691e-01 -2.170206420123577118e-02 -1.943149864673614502e-01 -7.918623089790344238e-02 -7.206530869007110596e-02
4.557198286056518555e-02 1.420572632923722267e-03 -4.779940471053123474e-02 9.086334705352783203e-02 -1.181029435247182846e-02 -1.699296683073043823e-01
2.322371006011962891e-01 -3.525679185986518860e-02 -1.626993417739868164e-01 -2.239881642162799835e-02 -4.210253432393074036e-02 -2.730141282081604004e-01
4.633861407637596130e-02 -6.269531697034835815e-02 1.345552057027816772e-01 -1.840996146202087402e-01 -1.639956980943679810e-02 -1.702528893947601318e-01
-2.410826832056045532e-01 3.027028143405914307e-01 -1.836388260126113892e-01 1.238175705075263977e-01 6.059542670845985413e-02 5.069077014923095703e-01
5.334848165512084961e-02 1.624745279550552368e-01 -2.591191232204437256e-01 1.255533546209335327e-01 1.714446209371089935e-02 2.063394486904144287e-01
-5.618358850479125977e-01 1.798346638679504395e-01 2.383074611425399780e-01 5.087161064147949219e-01 -1.847689300775527954e-01 1.009134128689765930e-01
1.006287708878517151e-02 -8.741687983274459839e-02 5.031764879822731018e-02 1.654760688543319702e-01 5.124701857566833496e-01 9.252073615789413452e-02
2.078178972005844116e-01 1.375066190958023071e-01 1.141411215066909790e-01 -1.998551338911056519e-01 -1.113366857171058655e-01 -1.211853418499231339e-02
6.693705916404724121e-01 -2.846526205539703369e-01 -2.007516771554946899e-01 9.358870238065719604e-02 3.064243495464324951e-01 1.096959561109542847e-01
1.466649472713470459e-01 4.265158474445343018e-01 1.328555680811405182e-02 -1.564131118357181549e-02 1.316270139068365097e-02 -2.058501094579696655e-01
3.596300631761550903e-02 3.586245700716972351e-02 -4.751046895980834961e-01 6.210523843765258789e-01 4.342482388019561768e-01 7.960443198680877686e-02
-2.574852406978607178e-01 -3.630446493625640869e-01 -1.065780222415924072e-01 2.126838453114032745e-02 4.423507302999496460e-02 -2.348487973213195801e-01
1.633016616106033325e-01 -2.642895579338073730e-01 1.679800748825073242e-01 2.875769138336181641e-01 2.169618457555770874e-01 -2.351745963096618652e-01
-1.970779448747634888e-01 -2.445448189973831177e-01 -2.622925639152526855e-01 2.179673016071319580e-01 3.154564499855041504e-01 2.288813702762126923e-02
-1.985327340662479401e-02 2.131250686943531036e-02 -4.637372493743896484e-02 9.401670843362808228e-02 -2.419428527355194092e-02 1.333549320697784424e-01
5.671442672610282898e-02 -1.018801778554916382e-01 -6.387572884559631348e-01 1.912457346916198730e-01 2.077963501214981079e-01 -1.514014154672622681e-01
1.086260676383972168e-01 -5.000596493482589722e-02 1.941277831792831421e-02 -9.965790063142776489e-02 -2.619296498596668243e-02 3.337241709232330322e-02
-1.504088789224624634e-01 2.638322114944458008e-01 -1.302648037672042847e-01 1.505414247512817383e-01 2.363073974847793579e-01 1.182800158858299255e-01
1.308930218219757080e-01 9.420346468687057495e-03 3.383787572383880615e-01 3.416599333286285400e-02 4.494578763842582703e-02 -6.603043526411056519e-02
1.047824099659919739e-01 -2.514525316655635834e-02 -1.461228262633085251e-02 -1.887085586786270142e-01 -1.626303195953369141e-01 1.406548470258712769e-01
-7.211089134216308594e-02 -1.489087343215942383e-01 -5.322747826576232910e-01 -3.718012273311614990e-01 -1.474164873361587524e-01 1.974909007549285889e-01
-2.290193922817707062e-02 -5.178996920585632324e-01 -4.018769860267639160e-01 -4.332031607627868652e-01 -5.365599393844604492e-01 -6.541718840599060059e-01
-2.089036107063293457e-01 8.025855422019958496e-01 5.439875125885009766e-01 -2.891196608543395996e-01 -4.115973412990570068e-02 2.092221528291702271e-01
2.097237855195999146e-01 -1.352214962244033813e-01 -5.606718659400939941e-01 -7.867896556854248047e-02 -1.202302277088165283e-01 4.305304884910583496e-01
1.312215030193328857e-01 -2.937106788158416748e-01 1.549776196479797363e-01 -6.380642950534820557e-02 8.126740157604217529e-02 1.386112421751022339e-01
-1.157787889242172241e-01 -7.147134840488433838e-02 2.059597671031951904e-01 4.791076481342315674e-02 1.728567481040954590e-01 -4.911451041698455811e-02
-7.669714838266372681e-02 1.797041594982147217e-01 2.324654720723628998e-02 -1.099136099219322205e-01 -2.462943345308303833e-01 -1.191862896084785461e-01
-1.425199508666992188e-01 1.526007503271102905e-01 2.636403217911720276e-02 -1.423412263393402100e-01 2.441398054361343384e-01 2.881333418190479279e-02
1.162323832511901855e+00 7.887390255928039551e-01 5.030441880226135254e-01 -7.266741991043090820e-01 -5.335970520973205566e-01 -5.670557022094726562e-01
-9.164296388626098633e-01 -3.812115788459777832e-01 3.359456062316894531e-01 3.900095522403717041e-01 -1.330199092626571655e-01 -5.125768780708312988e-01
6.332237273454666138e-02 6.192528083920478821e-02 8.392571657896041870e-02 -5.163064692169427872e-03 1.411164253950119019e-01 9.459909796714782715e-02
7.311837375164031982e-02 2.081184834241867065e-01 -1.195663511753082275e-01 7.518930733203887939e-02 1.617874205112457275e-01 -4.173217415809631348e-01
-1.192543953657150269e-01 1.542869117110967636e-02 2.435807734727859497e-01 -1.050689667463302612e-01 -1.785987615585327148e-02 -2.451417222619056702e-02
-6.820774078369140625e-02 4.516237601637840271e-02 3.308811783790588379e-02 4.813844710588455200e-02 -6.667498499155044556e-02 -7.746219635009765625e-02
2.706291377544403076e-01 -2.357760220766067505e-01 -5.001205205917358398e-02 8.383545279502868652e-02 -4.247024059295654297e-01 -2.076607197523117065e-01
4.310391843318939209e-02 1.652158498764038086e-01 -2.732382528483867645e-02 1.830672621726989746e-01 9.680166840553283691e-02 2.323229014873504639e-01
1.108022853732109070e-01 -1.625330001115798950e-01 5.107442140579223633e-01 2.185833454132080078e-01 -2.140138298273086548e-01 -6.580221056938171387e-01
-4.876975715160369873e-02 1.204483285546302795e-01 -1.808281987905502319e-01 -7.778451591730117798e-02 -8.635039627552032471e-02 3.290883898735046387e-01
-2.565674483776092529e-01 -1.705077439546585083e-01 -2.497005164623260498e-01 6.541418284177780151e-02 -3.861606866121292114e-02 -4.964067041873931885e-02
-4.261687397956848145e-01 2.546805739402770996e-01 -2.342705726623535156e-01 3.264052420854568481e-02 4.221773147583007812e-01 -2.306083440780639648e-01
-6.330109387636184692e-02 -2.087224088609218597e-02 -7.933630049228668213e-02 4.560261499136686325e-03 3.325812146067619324e-02 -4.150352999567985535e-02
-8.093054592609405518e-02 2.212899774312973022e-01 3.114536702632904053e-01 1.018836200237274170e-01 -2.053171396255493164e-01 -1.230680719017982483e-01
4.911480247974395752e-01 -2.350626438856124878e-01 2.362380176782608032e-02 -4.888554289937019348e-02 8.114072680473327637e-02 6.516882181167602539e-01
1.877277903258800507e-02 3.113186061382293701e-01 -2.255917787551879883e-01 -9.798496216535568237e-02 -3.883304446935653687e-02 -2.654077410697937012e-01
1.621805548667907715e+00 -2.929292023181915283e-01 -4.630229473114013672e-01 -1.148939877748489380e-01 3.493250310420989990e-01 -9.458380341529846191e-01
1.564263738691806793e-02 2.300811260938644409e-01 6.128709763288497925e-02 8.467318117618560791e-02 -9.710770100355148315e-02 -2.652370370924472809e-02
-1.706629246473312378e-01 7.435967773199081421e-02 1.604782640933990479e-01 1.380769163370132446e-01 -6.646763682365417480e-01 -4.681716561317443848e-01
7.461132854223251343e-02 -1.958019286394119263e-02 -3.696636483073234558e-02 -1.171037182211875916e-02 -7.114143669605255127e-02 -1.186207979917526245e-01
2.726903855800628662e-01 -1.143666952848434448e-01 1.171433478593826294e-01 -1.558280885219573975e-01 -1.497896462678909302e-01 -3.546185791492462158e-02
-2.038699686527252197e-01 7.741110026836395264e-02 4.285877346992492676e-01 1.596563756465911865e-01 8.833164721727371216e-02 -1.595265232026576996e-03
-1.409595906734466553e-01 1.888075470924377441e-01 -1.486592143774032593e-01 4.866827726364135742e-01 -2.470441758632659912e-01 -5.393064022064208984e-02
7.283013463020324707e-01 1.602038741111755371e-01 4.226496815681457520e-01 7.233620285987854004e-01 -8.330434560775756836e-02 -7.782239317893981934e-01
1.575822979211807251e-01 6.039730906486511230e-01 -1.327751576900482178e-01 9.757296182215213776e-03 -4.118027091026306152e-01 -4.295277968049049377e-02
-1.807011291384696960e-02 1.871481686830520630e-01 1.351779103279113770e-01 1.371492147445678711e-01 -8.527834713459014893e-02 3.804007917642593384e-02
1.216230392456054688e-01 -7.675809413194656372e-02 -2.000900357961654663e-01 -1.450787857174873352e-02 4.814075678586959839e-02 2.718426883220672607e-01
2.587557733058929443e-01 1.142066270112991333e-01 -2.095015794038772583e-01 -2.075359970331192017e-01 1.382152438163757324e-01 9.904268197715282440e-03
2.632392346858978271e-01 -3.578090667724609375e-01 -7.862117141485214233e-02 7.604712247848510742e-02 -1.672956943511962891e-01 4.712116420269012451e-01
-3.795159161090850830e-01 -4.647922813892364502e-01 2.321340888738632202e-01 -3.775026500225067139e-01 -3.248327970504760742e-01 -2.336144894361495972e-01
1.123207211494445801e-01 1.336816698312759399e-01 4.771280102431774139e-03 5.219791084527969360e-02 1.030371189117431641e-01 2.138114869594573975e-01
4.075275063514709473e-01 -7.257420420646667480e-01 -5.366265177726745605e-01 -9.197553992271423340e-01 -8.224178552627563477e-01 1.030284836888313293e-01
1.409580409526824951e-01 -7.487390190362930298e-02 1.478017121553421021e-01 1.327167302370071411e-01 1.232896298170089722e-01 1.911959052085876465e-01
-2.714917622506618500e-02 -1.266570668667554855e-02 6.048548594117164612e-02 -2.316136087756603956e-04 4.215543717145919800e-02 -1.221863552927970886e-01
1.666830629110336304e-01 -1.379444599151611328e-01 3.971478044986724854e-01 2.648112475872039795e-01 1.428989171981811523e-01 -2.167709618806838989e-01
-2.363914391025900841e-03 -1.151099056005477905e-01 1.184388771653175354e-01 -6.215294823050498962e-02 -1.693909429013729095e-02 1.507698446512222290e-01
2.153166383504867554e-01 2.142627164721488953e-02 -1.520064473152160645e-01 -1.749623268842697144e-01 9.232043521478772163e-04 -1.977556943893432617e-01
-1.669376641511917114e-01 3.829360380768775940e-02 1.279430836439132690e-01 3.671111911535263062e-02 -2.128924243152141571e-02 -3.633790314197540283e-01
9.195715934038162231e-02 -2.809406444430351257e-02 -1.009829565882682800e-01 -1.405487954616546631e-01 3.036229312419891357e-02 2.991150319576263428e-01
-3.068377822637557983e-02 3.329889178276062012e-01 2.918478846549987793e-01 9.960519522428512573e-02 -7.579461485147476196e-02 1.444380283355712891e-01
-3.687219321727752686e-01 3.317081555724143982e-02 3.692805767059326172e-02 2.782387286424636841e-02 1.540729850530624390e-01 1.308806147426366806e-02
2.027637362480163574e-01 1.610713154077529907e-01 9.143134951591491699e-02 -4.114058613777160645e-02 -1.152936667203903198e-01 -1.436513066291809082e-01
1.496402472257614136e-01 7.328441832214593887e-03 -8.511979132890701294e-02 -4.930947907269001007e-03 1.988309323787689209e-01 7.174064218997955322e-02
3.154096305370330811e-01 -2.300770282745361328e-01 -1.207449659705162048e-01 1.944954246282577515e-01 -2.545647881925106049e-02 -5.654678344726562500e-01
-6.344072520732879639e-02 1.328385919332504272e-01 3.182910382747650146e-02 -5.472848191857337952e-02 -3.203588724136352539e-01 -3.007423877716064453e-01
3.884530439972877502e-02 -1.089918762445449829e-01 -4.962601959705352783e-01 3.151738047599792480e-01 1.665610373020172119e-01 -2.089563012123107910e-01
5.882647633552551270e-02 1.766599416732788086e-01 -5.642949938774108887e-01 2.213575839996337891e-01 -2.292128652334213257e-01 -1.060085929930210114e-02
-3.316758945584297180e-02 2.656279504299163818e-01 -2.127583473920822144e-01 -4.137076437473297119e-02 -4.965577274560928345e-03 1.698892861604690552e-01
4.408786892890930176e-01 -2.541109621524810791e-01 -2.270199060440063477e-01 8.077720552682876587e-02 1.285153180360794067e-01 -4.201757013797760010e-01
1.686980128288269043e-01 -3.313493728637695312e-01 -1.144457086920738220e-01 -1.277035027742385864e-01 7.459170371294021606e-02 3.607607260346412659e-02
-5.355773866176605225e-02 1.235781162977218628e-01 -8.617549389600753784e-02 1.066399216651916504e-01 5.479382723569869995e-02 1.009110063314437866e-01
7.840075343847274780e-02 -4.308917522430419922e-01 -1.999768763780593872e-01 2.521371096372604370e-02 -1.764855231158435345e-03 3.364581167697906494e-01
5.583511292934417725e-02 8.417420834302902222e-02 -1.996180415153503418e-02 -3.973816707730293274e-02 -2.465642988681793213e-02 -8.822512812912464142e-03
-6.480965763330459595e-02 -8.088175207376480103e-02 -1.136940866708755493e-01 4.053136408329010010e-01 1.006420403718948364e-01 5.097132325172424316e-01
1.574632152915000916e-02 1.204688400030136108e-01 2.976447939872741699e-01 9.073404222726821899e-02 5.571165308356285095e-02 2.332326769828796387e-02
-1.752879172563552856e-01 3.042526245117187500e-01 1.140090301632881165e-01 1.579457074403762817e-01 1.161601301282644272e-02 6.320510804653167725e-02
-4.750368893146514893e-01 -2.757260501384735107e-01 -4.620729088783264160e-01 3.382219374179840088e-02 -4.066815972328186035e-01 2.557384967803955078e-01
7.222162187099456787e-02 -1.976799368858337402e-01 -5.552685260772705078e-01 -3.511563539505004883e-01 1.192046627402305603e-01 -2.090595513582229614e-01
1.025748401880264282e-01 -4.336957633495330811e-01 4.336186945438385010e-01 -9.588364362716674805e-01 -1.040860652923583984e+00 -8.467590808868408203e-01
7.126306891441345215e-01 -1.740767508745193481e-01 -3.610451519489288330e-01 4.270328283309936523e-01 -1.977520287036895752e-01 -5.725203081965446472e-03
3.841148614883422852e-01 -4.980314671993255615e-01 6.809527277946472168e-01 4.348227679729461670e-01 1.497575163841247559e+00 4.668687283992767334e-01
-2.530385851860046387e-01 3.181303143501281738e-01 -3.138196170330047607e-01 -2.266212254762649536e-01 6.569527387619018555e-01 -6.606754660606384277e-01
3.981132805347442627e-01 7.060617674142122269e-03 -4.186997711658477783e-01 2.648199498653411865e-01 7.829510420560836792e-02 -4.001467525959014893e-01
6.152595952153205872e-02 -7.033612579107284546e-02 -3.121994137763977051e-01 -2.469158768653869629e-01 2.456135451793670654e-01 -3.353469669818878174e-01
-1.078445240855216980e-01 7.008915394544601440e-02 7.210263609886169434e-02 7.040335983037948608e-02 -1.115670204162597656e-01 -1.671842485666275024e-01
-8.756217360496520996e-02 3.780231475830078125e-01 1.314350403845310211e-02 1.177238225936889648e-01 -4.239076748490333557e-02 8.103732019662857056e-02
-1.306300330907106400e-02 -3.425871133804321289e-01 -2.590630948543548584e-01 9.810172952711582184e-03 -6.339905783534049988e-03 -4.048661589622497559e-01
1.848506331443786621e-01 1.447658538818359375e-01 7.704798877239227295e-02 7.803234457969665527e-02 9.848147630691528320e-02 1.280827373266220093e-01
1.730971485376358032e-01 -1.266947388648986816e-01 -9.869375824928283691e-02 -1.366071999073028564e-01 -1.631208211183547974e-01 -4.716463088989257812e-01
-2.729934453964233398e-01 -2.345627993345260620e-01 -2.006144821643829346e-01 7.368078827857971191e-01 7.060062885284423828e-01 -3.780123293399810791e-01
-1.606477051973342896e-01 7.778983563184738159e-02 -1.062819510698318481e-01 1.178794205188751221e-01 -6.489664316177368164e-01 -5.386595726013183594e-01
7.967148721218109131e-02 -2.463267147541046143e-01 8.292128145694732666e-02 -3.093780577182769775e-02 -2.859518826007843018e-01 1.150930672883987427e-02
1.336607336997985840e-01 3.576155751943588257e-02 -2.134125232696533203e-01 -8.126919716596603394e-02 8.045995235443115234e-02 1.048255432397127151e-02
-8.980869501829147339e-02 -2.960262596607208252e-01 -3.811351060867309570e-01 -1.687595695257186890e-01 3.244017362594604492e-01 1.043304614722728729e-02
4.628673493862152100e-01 -2.202554643154144287e-01 -5.569259524345397949e-01 -5.356954336166381836e-01 -2.311214655637741089e-01 -3.270184993743896484e-01
1.701536029577255249e-01 -1.548255681991577148e-01 -5.916559323668479919e-02 -2.925685942173004150e-01 -1.387041211128234863e-01 -5.033937096595764160e-01
1.933683454990386963e-01 -6.553331613540649414e-01 -4.075826108455657959e-01 -3.140949010848999023e-01 8.449725806713104248e-02 -4.065703451633453369e-01
-1.859741657972335815e-01 -3.748329281806945801e-01 -1.095973178744316101e-01 2.116141766309738159e-01 -2.329414784908294678e-01 -1.875702440738677979e-01
1.289222121238708496e+00 1.608147740364074707e+00 5.769618973135948181e-02 -2.300273180007934570e-01 -1.057518005371093750e+00 -7.330058813095092773e-01
-4.475263878703117371e-02 -1.297762095928192139e-01 -2.367887794971466064e-01 -5.969428420066833496e-01 -2.493764013051986694e-01 4.662224054336547852e-01
-2.344047576189041138e-01 -3.455160856246948242e-01 -4.280933439731597900e-01 -9.086313843727111816e-02 1.553222537040710449e-01 -3.803859651088714600e-01
-2.490238547325134277e-01 -4.031006097793579102e-01 -2.198201119899749756e-01 1.468114405870437622e-01 1.700975596904754639e-01 -5.391665697097778320e-01
2.837176322937011719e-01 1.227229833602905273e-01 -1.394957602024078369e-01 -2.134331017732620239e-01 -6.970790028572082520e-02 9.553765505552291870e-02
-3.219054043292999268e-01 4.534355178475379944e-02 1.397978812456130981e-01 4.009603857994079590e-01 7.690588831901550293e-01 1.801413536071777344e+00
-3.814956843852996826e-01 -1.051390916109085083e-01 4.386833310127258301e-01 5.144878104329109192e-02 -8.206604979932308197e-03 4.732773452997207642e-02
1.136170998215675354e-01 -1.331799328327178955e-01 1.030467152595520020e-01 1.703944429755210876e-02 -1.048874929547309875e-01 -1.939103454351425171e-01
-7.293482869863510132e-02 1.769695132970809937e-01 4.665360450744628906e-01 -2.324879020452499390e-01 1.603192090988159180e-02 -8.608077466487884521e-02
4.194264411926269531e-01 1.562076807022094727e-01 -4.261420667171478271e-01 3.995205760002136230e-01 1.496214717626571655e-01 8.412584662437438965e-03
6.426661014556884766e-01 8.970301151275634766e-01 -6.217991113662719727e-01 2.161068618297576904e-01 4.374087452888488770e-01 1.072027832269668579e-01
2.197343111038208008e-01 2.335096895694732666e-01 -5.164148211479187012e-01 1.697493158280849457e-02 -1.598076969385147095e-01 -2.258590459823608398e-01
-1.691402345895767212e-01 -2.624521777033805847e-02 1.040437817573547363e-02 5.770720541477203369e-02 4.175591096282005310e-02 3.461091592907905579e-02
-2.345461845397949219e-01 -4.979752376675605774e-02 -5.679741501808166504e-02 -6.885846704244613647e-02 -1.910781860351562500e-01 1.696427911520004272e-01
2.826796658337116241e-02 -6.935860216617584229e-02 -1.150872278958559036e-02 4.612922295928001404e-02 -5.208328366279602051e-02 1.348399072885513306e-01
-7.324574589729309082e-01 -8.953499048948287964e-02 1.817360222339630127e-01 5.311814546585083008e-01 3.014607727527618408e-01 1.490873098373413086e+00
3.536141514778137207e-01 2.385879307985305786e-01 -1.053454577922821045e-01 -1.895876973867416382e-01 -2.584738098084926605e-02 2.798272967338562012e-01
1.571753025054931641e-01 -5.629781484603881836e-01 4.099284112453460693e-02 -3.602267056703567505e-02 -3.139282763004302979e-01 1.024239957332611084e-01
1.430571675300598145e-01 1.712914258241653442e-01 7.335741072893142700e-02 -2.028655260801315308e-01 -8.682800084352493286e-02 -1.839430034160614014e-01
-1.434608101844787598e-01 -4.271166771650314331e-02 -1.975585222244262695e-01 1.066340133547782898e-01 -3.170882165431976318e-02 8.028013398870825768e-04
-4.602064788341522217e-01 4.467903971672058105e-01 1.749941557645797729e-01 -1.581854373216629028e-01 1.166114360094070435e-01 -1.975976973772048950e-01
3.610120415687561035e-01 3.073407113552093506e-01 -3.001016676425933838e-01 -4.620947241783142090e-01 2.148740887641906738e-01 2.624764293432235718e-02
1.604662090539932251e-01 -1.100810840725898743e-01 3.603557124733924866e-02 -1.825721263885498047e-01 -1.038285642862319946e-01 1.590085774660110474e-02
-5.068702995777130127e-02 -1.114423871040344238e-01 1.751089841127395630e-02 -3.095270949415862560e-04 -8.442821353673934937e-02 2.412508577108383179e-01
-5.341224605217576027e-04 -2.615657448768615723e-01 2.493552416563034058e-01 -1.681687533855438232e-01 3.317122906446456909e-02 -3.368502557277679443e-01
9.819407761096954346e-02 -1.204268932342529297e-01 -2.683682739734649658e-01 -3.488729000091552734e-01 4.479254782199859619e-02 -2.059061080217361450e-01
-9.811599552631378174e-02 -1.585052460432052612e-01 -6.923855096101760864e-02 3.138907626271247864e-02 1.257904469966888428e-01 -3.218129277229309082e-02
4.207042604684829712e-02 -1.615297049283981323e-01 -2.785128653049468994e-01 -4.467833340167999268e-01 1.592943966388702393e-01 5.007524490356445312e-01
3.049596548080444336e-01 -8.292673528194427490e-02 -1.252891272306442261e-01 -9.598472714424133301e-02 -3.504960611462593079e-02 1.040609478950500488e-01
